normal bottle:
[0.036834534725570675,
 0.036813948453646682,
 0.035222923478172963,
 0.035207130900689582,
 0.035030965060823364]



noisy bottle:
[0.28857693453218053,
 0.23501765677159991,
 0.19661855653323126,
 0.19430418948414471,
 0.18805856467805412]



normal goblet:
[0.031306554603744985,
 0.02959953121917561,
 0.028926206265869794,
 0.023548184651762404,
 0.02289708737943344]


noisy goblet:

[0.33773239210509393,
 0.19558582769258329,
 0.19101439727772185,
 0.16206192232434519,
 0.16078477699573471]



normal mug:
[0.031113884177580806,
 0.020267035738427072,
 0.018408388489353701,
 0.012973649546526888,
 0.012914057779934108]

noisy mug:
[0.031113884177580806,
 0.020267035738427072,
 0.018408388489353701,
 0.012973649546526888,
 0.012914057779934108]



